5.800000000000000000e+01
6.029999999999999716e+01
6.353333333333333144e+01
6.157500000000000284e+01
6.626000000000000512e+01
6.913333333333333997e+01
7.279999999999999716e+01
7.198749999999999716e+01
7.242222222222221717e+01
7.272999999999998977e+01
8.053636363636363171e+01
8.092499999999999716e+01
8.033846153846154436e+01
8.002142857142858645e+01
8.063333333333335418e+01
8.111250000000001137e+01
8.163529411764706367e+01
8.265555555555556566e+01
8.280000000000001137e+01
8.381000000000001648e+01
8.416190476190477909e+01
8.332272727272729185e+01
8.245217391304349519e+01
8.215833333333334565e+01
8.167200000000001125e+01
8.020384615384615756e+01
7.891111111111112564e+01
7.810714285714287541e+01
7.750689655172415371e+01
7.661333333333332973e+01
7.628064516129033734e+01
7.576562500000001421e+01
7.418181818181820120e+01
7.268235294117647527e+01
7.142000000000000171e+01
7.065833333333334565e+01
6.969459459459460504e+01
6.917631578947369064e+01
6.922307692307693117e+01
6.897500000000000853e+01
6.874878048780487916e+01
6.805476190476190368e+01
6.829534883720930338e+01
6.740909090909092072e+01
6.651333333333333542e+01
6.608043478260870529e+01
6.547446808510638050e+01
6.494375000000000853e+01
6.451632653061224687e+01
6.386600000000000676e+01
6.350980392156862564e+01
6.301923076923076650e+01
6.250943396226415416e+01
6.193888888888888289e+01
6.121272727272727110e+01
6.081607142857142634e+01
6.024035087719298076e+01
5.963275862068964983e+01
5.896101694915253688e+01
5.808999999999999631e+01
5.713770491803278162e+01
5.626451612903225197e+01
5.539841269841269167e+01
5.474687499999998863e+01
5.422307692307690985e+01
5.380606060606059060e+01
5.328358208955222608e+01
5.268088235294116828e+01
5.203623188405795474e+01
5.163714285714284102e+01
5.109577464788731049e+01
5.044444444444442865e+01
4.989315068493148431e+01
4.937027027027024673e+01
4.880266666666664577e+01
4.824605263157892665e+01
4.761948051948049709e+01
4.700897435897434207e+01
4.652278481012655931e+01
4.598124999999997442e+01
4.563333333333331154e+01
4.536585365853656526e+01
4.490120481927709051e+01
4.460476190476188663e+01
4.422705882352939000e+01
4.379534883720928207e+01
4.335402298850572578e+01
4.296818181818179738e+01
4.262584269662919922e+01
4.229555555555553781e+01
4.187032967032965303e+01
4.148478260869563883e+01
4.116559139784944676e+01
4.087978723404253856e+01
4.062842105263156611e+01
4.030312499999998721e+01
4.003298969072163516e+01
3.984081632653060012e+01
3.970303030303028891e+01
3.960599999999998744e+01
3.959108910891087874e+01
3.932843137254900512e+01
3.918932038834950049e+01
3.930576923076922213e+01
3.930952380952380310e+01
3.924528301886791581e+01
3.948317757009344575e+01
3.942777777777777004e+01
3.941100917431192130e+01
3.952545454545453651e+01
3.961081081081080413e+01
3.990267857142856656e+01
3.996017699115043342e+01
4.000438596491227372e+01
4.003913043478259937e+01
4.002758620689654379e+01
4.021965811965811355e+01
4.019830508474575481e+01
4.022184873949579043e+01
4.024499999999999034e+01
4.031157024793387222e+01
4.034180327868851634e+01
4.039430894308942044e+01
4.044758064516128115e+01
4.051599999999999113e+01
4.059126984126983473e+01
4.067322834645668905e+01
4.091249999999999432e+01
4.119379844961239456e+01
4.133615384615383448e+01
4.137404580152671230e+01
4.149242424242423510e+01
4.168646616541352756e+01
4.181940298507462472e+01
4.206296296296295623e+01
4.218235294117646816e+01
4.239999999999999147e+01
4.244275362318840195e+01
4.261223021582733139e+01
4.284785714285714420e+01
4.297872340425531945e+01
4.303239436619718816e+01
4.314895104895104794e+01
4.327291666666666714e+01
4.345724137931034647e+01
4.378287671232877187e+01
4.403401360544217624e+01
4.422094594594594241e+01
4.464362416107382359e+01
4.500799999999999557e+01
4.533311258278146028e+01
4.563421052631579045e+01
4.599411764705882888e+01
4.627142857142857224e+01
4.655161290322580925e+01
4.654807692307691980e+01
4.653057324840764153e+01
4.669683544303797618e+01
4.669056603773584868e+01
4.677499999999999858e+01
4.673229813664595866e+01
4.691975308641975317e+01
4.683926380368098563e+01
4.696646341463414842e+01
4.709696969696969404e+01
4.723072289156626624e+01
4.741377245508981986e+01
4.759107142857143202e+01
4.764378698224852116e+01
4.755117647058823138e+01
4.747309941520467902e+01
4.738837209302324993e+01
4.730346820809248243e+01
4.723735632183907285e+01
4.727714285714285580e+01
4.715909090909090651e+01
4.727740112994350596e+01
4.727191011235954932e+01
4.734804469273742455e+01
4.742611111111110489e+01
4.749392265193370122e+01
4.756098901098901166e+01
4.752076502732241181e+01
4.744945652173913686e+01
4.743243243243243512e+01
4.733870967741935232e+01
4.724598930481283077e+01
4.715425531914893753e+01
4.705396825396825733e+01
4.695368421052631902e+01
4.684397905759162484e+01
4.673385416666667425e+01
4.661606217616581205e+01
4.650979381443299587e+01
4.639948717948718837e+01
4.627500000000000568e+01
4.614263959390864045e+01
4.601060606060607228e+01
4.591507537688443108e+01
4.583400000000001739e+01
4.568557213930349548e+01
4.552871287128714073e+01
4.537339901477833592e+01
4.521470588235295196e+01
4.505268292682928433e+01
4.488737864077670991e+01
4.484734299516910028e+01
4.466057692307693827e+01
4.457511961722489247e+01
4.437714285714287143e+01
4.418246445497631214e+01
4.399292452830189859e+01
4.380657276995305693e+01
4.362523364485981858e+01
4.344883720930233295e+01
4.333657407407408613e+01
4.326313364055300781e+01
4.320229357798166347e+01
4.320136986301370996e+01
4.315454545454546320e+01
4.309411764705883030e+01
4.305000000000000426e+01
4.295515695067264517e+01
4.294553571428571104e+01
4.294444444444444287e+01
4.294955752212389655e+01
4.300132158590308507e+01
4.304649122807017392e+01
4.309213973799126762e+01
4.319217391304348297e+01
4.320562770562770538e+01
4.320344827586207259e+01
4.335150214592275120e+01
4.349700854700855501e+01
4.353574468085106730e+01
4.363432203389830732e+01
4.376582278481012622e+01
4.390882352941176237e+01
4.410418410041840787e+01
4.438624999999999687e+01
4.450871369294605273e+01
4.459008264462809734e+01
4.467119341563785184e+01
4.488442622950819327e+01
4.500163265306122184e+01
4.520243902439023742e+01
4.549959514170040364e+01
4.580120967741935090e+01
4.621485943775099514e+01
4.666279999999999717e+01
4.706693227091633247e+01
4.732460317460316901e+01
4.754861660079050978e+01
4.792244094488188466e+01
4.804862745098039056e+01
4.806015624999999858e+01
4.814591439688715724e+01
4.828217054263565444e+01
4.851969111969111736e+01
4.881884615384614534e+01
4.903180076628351713e+01
4.924007633587785193e+01
4.955551330798478205e+01
4.975530303030302548e+01
4.970339622641508726e+01
4.969022556390977030e+01
4.967902621722846135e+01
4.973582089552238727e+01
5.011858736059479469e+01
5.037555555555555742e+01
5.043948339483394960e+01
5.046911764705882320e+01
5.065567765567765690e+01
5.079927007299269803e+01
5.097709090909091145e+01
5.113913043478261500e+01
5.131877256317689984e+01
5.146079136690647715e+01
5.138781362007168951e+01
5.153357142857143458e+01
5.148540925266904367e+01
5.150496453900709781e+01
5.159611307420495052e+01
5.161232394366197695e+01
5.160842105263158430e+01
5.170279720279720692e+01
5.173623693379791177e+01
5.177881944444445139e+01
5.178858131487889693e+01
5.171000000000000796e+01
5.170824742268042229e+01
5.164383561643835918e+01
5.160784982935154375e+01
5.152891156462585798e+01
5.144813559322034990e+01
5.131722972972973906e+01
5.124309764309764859e+01
5.115939597315436771e+01
5.112508361204013596e+01
5.109866666666667356e+01
5.108438538205980706e+01
5.113178807947020488e+01
5.114686468646865336e+01
5.112269736842105772e+01
5.112327868852459289e+01
5.104934640522876066e+01
5.094006514657980489e+01
5.079610389610390087e+01
5.065728155339805738e+01
5.053903225806451616e+01
5.043344051446945997e+01
5.031089743589744501e+01
5.016421725239617047e+01
5.000445859872611720e+01
4.988253968253968651e+01
4.976012658227848817e+01
4.961545741324921721e+01
4.949811320754717769e+01
4.934608150470219812e+01
4.921656250000000199e+01
4.907320872274144108e+01
4.893819875776398476e+01
4.883343653250774707e+01
4.870709876543210726e+01
4.862400000000000944e+01
4.851042944785277200e+01
4.838134556574924261e+01
4.830030487804878447e+01
4.818753799392098358e+01
4.809909090909091844e+01
4.795679758308158114e+01
4.788524096385543061e+01
4.778948948948949749e+01
4.773622754491019293e+01
4.769820895522389037e+01
4.767529761904762609e+01
4.766735905044511412e+01
4.763431952662723035e+01
4.760884955752213443e+01
4.774970588235294855e+01
4.784516129032258647e+01
4.794122807017544119e+01
4.807842565597668028e+01
4.826424418604651834e+01
4.846115942028986012e+01
4.862890173410405481e+01
4.890951008645533449e+01
4.922097701149425575e+01
4.958796561604584952e+01
4.975857142857142890e+01
4.999857549857549799e+01
5.026846590909090651e+01
5.080283286118980612e+01
5.114406779661016600e+01
5.143098591549296117e+01
5.167977528089887329e+01
5.201596638655462357e+01
5.230726256983240319e+01
5.258022284122562695e+01
5.272583333333333400e+01
5.289750692520775743e+01
5.320911602209945102e+01
5.338760330578512736e+01
5.363928571428571956e+01
5.387589041095890963e+01
5.403934426229508858e+01
5.428174386920981220e+01
5.443858695652174617e+01
5.459186991869918870e+01
5.477945945945945994e+01
5.493908355795148424e+01
5.508709677419355444e+01
5.512707774798928284e+01
5.524171122994652450e+01
5.535573333333334034e+01
5.546117021276596404e+01
5.559840848806366864e+01
5.568412698412699058e+01
5.576411609498681088e+01
5.584368421052631959e+01
5.594304461942257944e+01
5.599816753926702262e+01
5.600861618798956698e+01
5.601562500000000711e+01
5.612649350649351732e+01
5.617461139896374078e+01
5.616640826873386061e+01
5.619768041237114176e+01
5.632236503856042731e+01
5.642846153846155488e+01
5.647212276214835214e+01
5.649642857142858787e+01
5.648244274809162135e+01
5.640837563451778180e+01
5.643518987341773396e+01
5.638156565656566954e+01
5.637556675062973710e+01
5.632814070351760449e+01
5.627969924812031621e+01
5.624150000000001626e+01
5.623665835411472358e+01
5.619129353233832092e+01
5.614367245657569327e+01
5.611361386138614904e+01
5.605901234567902236e+01
5.597807881773400140e+01
5.591793611793612939e+01
5.585441176470589397e+01
5.578630806845967527e+01
5.574463414634148251e+01
5.567396593673967686e+01
5.560752427184467450e+01
5.552857142857144623e+01
5.545531400966185487e+01
5.539927710843375763e+01
5.531418269230771045e+01
5.522470023980817189e+01
5.511172248803829632e+01
5.501599045346063832e+01
5.491000000000001791e+01
5.481045130641332008e+01
5.469952606635072812e+01
5.459621749408985636e+01
5.449103773584907628e+01
5.437694117647060921e+01
5.427042253521128856e+01
5.415737704918034723e+01
5.405420560747665348e+01
5.395151515151516719e+01
5.384465116279071850e+01
5.375916473317867172e+01
5.366712962962964895e+01
5.355819861431872653e+01
5.345322580645163413e+01
5.335103448275864224e+01
5.326467889908258968e+01
5.319016018306638216e+01
5.312876712328769457e+01
5.309043280182233815e+01
5.301522727272729441e+01
5.296757369614514488e+01
5.295452488687784864e+01
5.292573363431153410e+01
5.286801801801803435e+01
5.283280898876406440e+01
5.282107623318387368e+01
5.280961968680091445e+01
5.288236607142859214e+01
5.297015590200447832e+01
5.298355555555557572e+01
5.305011086474502946e+01
5.313119469026550945e+01
5.326004415011039583e+01
5.339008810572689612e+01
5.352769230769232678e+01
5.365745614035090227e+01
5.383479212253831747e+01
5.394868995633190423e+01
5.402156862745101051e+01
5.418065217391307442e+01
5.435553145336228198e+01
5.445259740259743353e+01
5.461144708423329064e+01
5.478943965517244408e+01
5.500989247311830610e+01
5.522875536480689362e+01
5.541349036402572636e+01
5.566688034188037193e+01
5.584243070362476402e+01
5.599851063829790121e+01
5.618386411889599685e+01
5.629470338983053779e+01
5.641458773784358272e+01
5.662088607594939305e+01
5.679957894736845248e+01
5.696596638655464773e+01
5.714213836477990327e+01
5.731966527196655647e+01
5.739770354906057293e+01
5.754791666666669414e+01
5.766528066528069729e+01
5.780560165975106912e+01
5.793436853002073406e+01
5.806942148760333566e+01
5.820432989690724668e+01
5.833148148148151080e+01
5.845195071868585757e+01
5.854323770491806300e+01
5.865255623721883893e+01
5.871591836734696557e+01
5.886924643584524119e+01
5.902500000000002700e+01
5.911419878296148767e+01
5.925263157894739408e+01
5.932747474747477412e+01
5.939737903225809390e+01
5.946498993963785296e+01
5.952831325301207244e+01
5.954789579158319412e+01
5.960280000000002332e+01
5.963812375249503361e+01
5.968725099601595474e+01
5.973161033797218522e+01
5.975992063492065398e+01
5.978554455445546978e+01
5.978992094861662565e+01
5.981794871794873814e+01
5.985216535433072949e+01
5.987937131630651066e+01
5.988784313725492581e+01
5.990958904109591998e+01
5.987656250000002700e+01
5.988947368421055018e+01
5.989299610894944692e+01
5.990679611650488567e+01
5.991860465116281631e+01
5.991489361702130623e+01
5.992277992277995224e+01
5.992870905587671615e+01
5.995903846153849059e+01
5.996295585412671159e+01
5.996494252873566211e+01
5.993785850860423636e+01
5.993797709923666872e+01
5.993619047619050377e+01
5.993441064638786031e+01
5.992884250474386221e+01
5.992140151515154400e+01
5.991398865784501737e+01
5.990471698113210408e+01
5.989642184557441595e+01
5.988345864661656748e+01
5.986923076923079634e+01
5.985262172284646454e+01
5.983420560747666173e+01
5.977723880597017114e+01
5.971061452513968959e+01
5.968698884758367029e+01
5.965788497217071296e+01
5.963203703703706537e+01
5.960499075785584466e+01
5.957619926199264881e+01
5.953646408839781401e+01
5.947922794117649659e+01
5.947229357798168081e+01
5.943937728937731890e+01
5.940566727605121855e+01
5.937025547445258411e+01
5.928233151183973604e+01
5.922636363636366497e+01
5.924119782214158647e+01
5.922699275362322169e+01
5.915858951175410141e+01
5.912382671480148133e+01
5.904000000000003467e+01
5.896726618705039158e+01
5.891705565529625943e+01
5.884211469534052696e+01
5.875992844364940737e+01
5.870089285714288252e+01
5.862032085561499883e+01
5.855071174377226839e+01
5.849111900532862052e+01
5.841932624113477601e+01
5.835486725663719199e+01
5.829381625441698844e+01
5.821869488536157888e+01
5.817200704225354002e+01
5.810667838312831890e+01
5.801649122807019410e+01
5.796199649737305037e+01
5.786328671328673323e+01
5.779441535776616234e+01
5.771289198606273629e+01
5.762713043478262875e+01
5.753593750000001705e+01
5.746117850953208261e+01
5.736903114186853259e+01
5.727685664939552623e+01
5.718500000000001648e+01
5.709913941480208877e+01
5.702010309278352196e+01
5.692967409948544599e+01
5.684246575342468333e+01
5.675504273504275687e+01
5.666996587030718757e+01
5.658330494037481628e+01
5.649217687074832384e+01
5.639966044142617108e+01
5.631084745762714761e+01
5.623654822335028314e+01
5.614341216216219266e+01
5.604873524451942046e+01
5.595437710437713008e+01
5.586033613445381008e+01
5.577164429530203904e+01
5.568224455611392898e+01
5.559163879598665403e+01
5.551969949916530567e+01
5.544366666666670085e+01
5.535407653910152703e+01
5.528305647840534220e+01
5.522736318407962131e+01
5.514983443708611333e+01
5.507223140495869984e+01
5.499884488448846298e+01
5.491169686985174536e+01
5.482138157894738129e+01
5.473136288998359333e+01
5.464918032786886215e+01
5.456415711947627756e+01
5.448905228758170693e+01
5.441141924959217846e+01
5.433794788273616660e+01
5.427219512195123485e+01
5.418409090909092640e+01
5.410437601296597876e+01
5.405517799352751496e+01
5.400177705977383624e+01
5.394612903225807088e+01
5.387777777777778709e+01
5.381093247588425754e+01
5.374141252006421610e+01
5.371955128205129171e+01
5.367680000000001428e+01
5.363738019169330329e+01
5.359968102073366225e+01
5.356369426751593465e+01
5.352941176470589113e+01
5.349396825396826216e+01
5.346465927099842474e+01
5.344129746835443484e+01
5.340979462875197470e+01
5.337697160883281100e+01
5.335559055118110905e+01
5.334748427672955984e+01
5.333877551020408703e+01
5.332884012539185647e+01
5.330923317683881635e+01
5.329156250000001194e+01
5.327706708268331681e+01
5.326573208722742692e+01
5.325754276827372280e+01
5.325248447204970148e+01
5.325023255813955103e+01
5.322739938080496813e+01
5.319845440494592026e+01
5.319351851851853041e+01
5.318859784283514358e+01
5.318492307692309140e+01
5.314854070660523888e+01
5.310536809815952353e+01
5.309188361408884305e+01
5.306574923547402989e+01
5.305847328244277605e+01
5.302957317073173016e+01
5.301780821917811437e+01
5.301975683890580626e+01
5.301669195751141217e+01
5.300909090909094346e+01
5.299742813918309281e+01
5.299033232628403312e+01
5.298280542986429253e+01
5.297921686746991554e+01
5.294977443609026579e+01
5.292252252252256994e+01
5.288785607196406602e+01
5.287320359281441995e+01
5.287339312406582081e+01
5.288746268656721838e+01
5.289955290611033689e+01
5.291011904761909790e+01
5.292213967310554779e+01
5.290905044510390809e+01
5.290681481481486514e+01
5.288402366863910231e+01
5.286351550960123546e+01
5.284528023598825541e+01
5.282282768777618998e+01
5.280794117647063501e+01
5.279559471365643475e+01
5.276129032258069174e+01
5.274407027818453031e+01
5.272295321637432153e+01
5.270291970802924908e+01
5.266924198250733724e+01
5.264017467248913107e+01
5.260392441860469148e+01
5.256589259796811575e+01
5.252681159420293966e+01
5.249421128798846325e+01
5.245635838150293750e+01
5.241529581529586324e+01
5.237867435158506169e+01
5.233928057553961111e+01
5.229856321839085354e+01
5.224074605451941267e+01
5.218338108882525717e+01
5.212246065808301410e+01
5.208200000000004337e+01
5.202196861626252655e+01
5.196495726495730594e+01
5.190910384068282468e+01
5.185241477272731458e+01
5.178695035460996365e+01
5.172492917847029048e+01
5.165544554455448889e+01
5.158248587570624721e+01
5.150973201692527681e+01
5.144352112676059363e+01
5.137116736990157762e+01
5.131629213483149954e+01
5.126325385694253356e+01
5.121036414565830341e+01
5.114811188811192011e+01
5.108784916201120296e+01
5.103291492329152135e+01
5.096838440111422841e+01
5.091210013908208509e+01
5.085847222222225383e+01
5.079791955617200472e+01
5.074030470914129154e+01
5.067136929460583161e+01
5.060483425414366820e+01
5.053779310344830122e+01
5.047878787878789808e+01
5.040976616231088769e+01
5.034079670329671785e+01
5.027229080932786331e+01
5.020342465753426353e+01
5.013474692202464666e+01
5.006625683060111243e+01
4.999795361527969106e+01
4.992983651226160191e+01
4.986190476190478194e+01
4.979415760869567009e+01
4.972659430122118351e+01
4.965921409214094240e+01
4.959201623815969384e+01
4.952500000000001990e+01
4.945816464237518773e+01
4.939150943396228399e+01
4.932503364737552687e+01
4.925873655913980542e+01
4.919261744966444638e+01
4.912667560321717986e+01
4.906091030789828267e+01
4.899532085561499173e+01
4.892990654205609502e+01
4.886466666666668601e+01
4.880838881491346370e+01
4.874348404255320588e+01
4.868193891102259840e+01
4.862546419098144668e+01
4.856211920529803194e+01
4.849933862433864107e+01
4.845019815059447410e+01
4.838878627968340140e+01
4.832595520421609336e+01
4.826236842105264913e+01
4.820026281208937746e+01
4.813871391076118300e+01
4.807627785058980407e+01
4.803376963350787321e+01
4.797777777777779562e+01
4.792023498694518935e+01
4.786805736636247133e+01
4.781888020833335418e+01
4.775669700910275139e+01
4.770805194805197402e+01
4.764863813229574419e+01
4.760841968911919508e+01
4.755394566623547092e+01
4.750697674418606908e+01
4.746929032258066883e+01
4.741894329896909710e+01
4.737760617760621074e+01
4.735244215938306667e+01
4.731309370988449814e+01
4.727076923076926107e+01
4.723866837387966910e+01
4.719360613810744809e+01
4.714061302681994903e+01
4.711084183673472126e+01
4.705821656050958524e+01
4.701730279898222165e+01
4.698106734434565368e+01
4.692436548223354009e+01
4.687515842839040658e+01
4.684025316455700505e+01
4.679936788874846343e+01
4.676565656565660589e+01
4.673089533417405761e+01
4.671259445843831770e+01
4.668679245283021828e+01
4.666783919597992281e+01
4.662158092848183344e+01
4.663320802005015508e+01
4.661927409261580380e+01
4.662000000000002586e+01
4.660112359550564776e+01
4.658478802992521395e+01
4.657310087173102886e+01
4.659601990049753795e+01
4.657080745341617956e+01
4.659838709677422486e+01
4.663197026022307767e+01
4.664702970297032891e+01
4.664412855377012335e+01
4.664037037037040534e+01
4.663070283600497135e+01
4.660184729064042841e+01
4.660332103321037067e+01
4.661535626535630428e+01
4.660490797546015784e+01
4.658443627450984081e+01
4.657197062423504264e+01
4.658581907090468377e+01
4.664639804639808318e+01
4.662170731707320925e+01
4.659074299634595206e+01
4.658272506082728626e+01
4.658687727825034131e+01
4.658495145631071210e+01
4.657296969696972866e+01
4.654757869249397828e+01
4.652623941958890441e+01
4.650434782608699180e+01
4.649034981905914066e+01
4.646132530120485882e+01
4.643598074608908632e+01
4.642163461538465441e+01
4.642965186074433603e+01
4.641762589928061544e+01
4.639556886227548915e+01
4.637775119617228370e+01
4.635352449223420734e+01
4.633591885441531133e+01
4.629368295589991789e+01
4.626928571428575765e+01
4.625326991676579524e+01
4.622292161520194043e+01
4.617247924080668042e+01
4.614170616113747059e+01
4.611029585798819852e+01
4.609716312056740861e+01
4.607981109799295183e+01
4.605625000000003411e+01
4.601955241460544954e+01
4.599776470588238197e+01
4.597320799059932739e+01
4.595516431924885836e+01
4.592379835873390448e+01
4.590117096018737897e+01
4.585274853801171702e+01
4.582184579439255145e+01
4.580268378063013301e+01
4.576188811188814043e+01
4.573259604190922545e+01
4.570953488372096274e+01
4.566248548199770596e+01
4.561983758700699099e+01
4.557612977983780667e+01
4.553391203703706225e+01
4.550612716763008336e+01
4.545842956120095124e+01
4.541257208765861719e+01
4.537085253456223199e+01
4.532059838895283121e+01
4.527057471264369326e+01
4.522146957520093480e+01
4.517511467889910648e+01
4.512840778923255414e+01
4.509839816933641288e+01
4.505188571428573852e+01
4.500079908675802187e+01
4.494948688711519225e+01
4.489931662870162654e+01
4.486655290102392257e+01
4.483034090909093550e+01
4.478115777525542285e+01
4.473673469387757962e+01
4.469513023782562300e+01
4.464694570135749530e+01
4.459649717514126621e+01
4.454661399548535172e+01
4.449639233370916003e+01
4.444628378378381228e+01
4.439628796400452870e+01
4.434640449438204968e+01
4.429730639730642139e+01
4.424764573991033956e+01
4.419809630459128869e+01
4.414865771812083040e+01
4.409988826815644813e+01
4.405066964285716580e+01
4.400156075808252609e+01
4.395256124721606028e+01
4.390367074527254942e+01
4.387755555555558118e+01
4.385294117647061540e+01
4.381629711751665468e+01
4.376777408637876476e+01
4.374081858407082279e+01
4.369558011049726787e+01
4.364735099337751478e+01
4.359922822491733996e+01
4.355275330396479205e+01
4.352739273927396368e+01
4.350725274725277814e+01
4.345949506037324994e+01
4.341282894736845321e+01
4.337075575027385099e+01
4.334026258205692272e+01
4.331737704918035803e+01
4.327423580786030044e+01
4.324394765539807395e+01
4.321361655773424104e+01
4.320021762785640362e+01
4.318119565217394751e+01
4.315135722041262767e+01
4.312147505422996829e+01
4.308743228602386210e+01
4.306461038961041510e+01
4.303718918918921332e+01
4.301036717062637393e+01
4.300355987055018403e+01
4.298308189655174516e+01
4.297168998923575600e+01
4.296537634408603878e+01
4.297561761546725734e+01
4.297199570815452319e+01
4.294619506966775901e+01
4.295438972162742886e+01
4.295069518716579182e+01
4.297756410256411641e+01
4.296862326574174062e+01
4.297334754797442713e+01
4.298913738019171404e+01
4.299234042553193547e+01
4.300648246546229814e+01
4.302101910828027087e+01
4.302025450689291830e+01
4.303156779661019016e+01
4.303851851851853638e+01
4.305232558139536536e+01
4.305786694825767569e+01
4.306107594936710825e+01
4.307133825079032619e+01
4.309378947368423241e+01
4.311682439537331391e+01
4.313571428571430744e+01
4.318394543546696696e+01
4.324140461215935005e+01
4.325287958115184495e+01
4.328765690376570774e+01
4.329508881922676977e+01
4.330699373695199483e+01
4.332127215849845214e+01
4.332500000000001705e+01
4.332466181061396071e+01
4.333097713097714632e+01
4.336105919003117037e+01
4.341462655601661424e+01
4.343948186528499633e+01
4.347101449275364615e+01
4.352006204756983010e+01
4.355526859504134762e+01
4.356480908152737186e+01
4.357886597938146878e+01
4.360360453141093728e+01
4.361687242798355868e+01
4.362569373072972212e+01
4.365492813141685247e+01
4.369702564102565390e+01
4.376116803278689815e+01
4.378423746161721652e+01
4.380603271983641633e+01
4.380612870275793824e+01
4.381316326530613736e+01
4.383180428134558326e+01
4.387311608961304898e+01
4.391119023397764209e+01
4.395010162601627712e+01
4.395370558375635994e+01
4.395993914807304037e+01
4.401003039513679482e+01
4.402064777327937151e+01
4.401466127401417339e+01
4.400393939393941167e+01
4.400514631685167899e+01
4.401622983870969108e+01
4.401007049345419375e+01
4.401237424547285570e+01
4.401185929648242734e+01
4.399668674698796877e+01
4.398355065195588764e+01
4.399519038076154231e+01
4.400630630630632112e+01
4.398920000000001806e+01
4.398651348651350901e+01
4.396926147704592580e+01
4.393938185443671074e+01
4.390448207171316852e+01
4.386895522388061153e+01
4.384632206759444983e+01
4.381698113207549028e+01
4.380079365079367193e+01
4.376858275520319097e+01
4.374009900990100874e+01
4.370850642927796770e+01
4.366808300395259579e+01
4.363770977295165920e+01
4.359566074950693348e+01
4.355960591133008108e+01
4.352234251968506840e+01
4.349095378564407355e+01
4.345559921414540838e+01
4.341874386653584850e+01
4.338588235294120210e+01
4.334818805093048866e+01
4.332348336594914429e+01
4.328494623655916484e+01
4.324404296875002984e+01
4.321043902439027562e+01
4.317592592592595935e+01
4.314235637779945165e+01
4.310428015564205850e+01
4.307356656948496720e+01
4.305582524271848399e+01
4.304364694471390607e+01
4.303536821705429816e+01
4.300096805421107149e+01
4.298307543520313345e+01
4.296057971014496246e+01
4.297847490347493249e+01
4.297907425265191250e+01
4.296965317919077876e+01
4.298585178055825651e+01
4.300125000000002728e+01
4.305677233429398143e+01
4.310681381957776637e+01
4.316136145733464247e+01
4.319425287356325072e+01
4.323770334928232728e+01
4.329923518164438434e+01
4.335167144221588131e+01
4.344666030534353496e+01
4.351143946615827218e+01
4.358876190476193102e+01
4.365832540437680365e+01
4.371929657794679258e+01
4.376809116809118905e+01
4.385692599620495713e+01
4.392995260663509782e+01
4.408371212121215166e+01
4.421986754966890487e+01
4.434404536862006552e+01
4.442927289896130816e+01
4.451773584905662773e+01
4.458105560791707944e+01
4.468785310734465099e+01
4.479896519285044576e+01
4.488280075187972074e+01
4.493107981220659752e+01
4.500497185741090789e+01
4.506307403936272493e+01
4.514241573033710608e+01
4.523573433115063835e+01
4.527271028037386458e+01
4.536190476190479615e+01
4.543768656716421361e+01
4.552357875116499031e+01
4.556918063314714118e+01
4.562744186046514017e+01
4.565827137546471448e+01
4.568421541318480195e+01
4.572606679035253308e+01
4.575542168674702026e+01
4.578694444444447953e+01
4.584227567067533471e+01
4.589463955637711479e+01
4.592400738688830586e+01
4.593865313653139992e+01
4.594589861751155979e+01
4.595395948434625666e+01
4.598969641214355164e+01
4.606801470588238345e+01
4.614756657483933111e+01
4.618862385321104114e+01
4.620934922089829655e+01
4.622536630036633198e+01
4.625736505032024581e+01
4.629524680073128451e+01
4.631488584474888626e+01
4.633275547445258269e+01
4.635360072926165032e+01
4.635555555555558271e+01
4.636860782529574720e+01
4.637900000000002620e+01
4.640408719346051925e+01
4.641197822141563734e+01
4.641912964641888806e+01
4.642572463768118496e+01
4.640552036199097330e+01
4.639059674502715325e+01
4.637551942186090770e+01
4.636994584837547251e+01
4.638899909828676726e+01
4.639738738738740409e+01
4.638343834383440623e+01
4.637706834532376377e+01
4.636819407008088234e+01
4.635215439856375497e+01
4.632834080717491076e+01
4.632159498207887793e+01
4.629838854073413756e+01
4.627674418604654250e+01
4.625478105451298205e+01
4.623750000000002558e+01
4.621846565566460896e+01
4.619554367201428846e+01
4.616562778272486867e+01
4.614822064056941997e+01
4.612355555555558340e+01
4.611642984014211777e+01
4.611144631765752422e+01
4.608617021276597825e+01
4.605713020372013489e+01
4.601946902654869831e+01
4.598611847922195750e+01
4.595388692579508216e+01
4.593195057369817391e+01
4.590070546737216262e+01
4.586863436123350368e+01
4.583864436619721516e+01
4.580202286719439542e+01
4.576643233743412509e+01
4.574302019315191359e+01
4.571403508771932422e+01
4.568229623137601436e+01
4.565516637478111051e+01
4.562712160979879883e+01
4.560541958041960697e+01
4.557572052401749119e+01
4.553917975567192400e+01
4.551795989537927056e+01
4.549912891986064523e+01
4.546562228024370711e+01
4.544478260869566810e+01
4.541468288444832524e+01
4.539401041666668846e+01
4.537692974848224026e+01
4.537538994800694780e+01
4.537359307359309213e+01
4.538365051903116409e+01
4.538573898012102603e+01
4.537340241796202633e+01
4.536065573770493842e+01
4.534939655172416195e+01
4.533583118001724444e+01
4.533184165232359675e+01
4.532674118658643181e+01
4.533908934707905303e+01
4.533339055793992856e+01
4.533825042881647960e+01
4.535415595544131406e+01
4.537465753424659454e+01
4.538716852010266933e+01
4.540401709401711372e+01
4.540495303159693918e+01
4.541296928327646754e+01
4.546555839727196968e+01
4.547444633730836472e+01
4.548714893617023591e+01
4.550416666666668419e+01
4.551869158878506738e+01
4.551816638370120671e+01
4.555224766751486243e+01
4.555161016949154629e+01
4.557696867061814316e+01
4.561057529610831551e+01
4.561614539306849281e+01
4.569636824324326341e+01
4.579358649789031688e+01
4.590708263069141992e+01
4.598542544229151474e+01
4.603897306397308142e+01
4.613406223717411336e+01
4.618924369747901437e+01
4.624164567590262465e+01
4.629270134228190159e+01
4.633956412405701286e+01
4.640879396984926331e+01
4.648644351464436397e+01
4.655844481605352314e+01
4.660334168755223061e+01
4.667495826377297163e+01
4.673160967472895777e+01
4.682558333333334843e+01
4.691731890091591595e+01
4.698793677204660924e+01
4.702884455527848928e+01
4.707491694352160749e+01
4.710273858921163281e+01
4.713092868988393036e+01
4.715650372825187731e+01
4.717350993377484514e+01
4.721199338296113268e+01
4.723206611570248725e+01
4.727481420313790750e+01
4.731584158415842722e+01
4.734113767518550020e+01
4.737578253706755760e+01
4.740477366255144887e+01
4.740205592105263577e+01
4.741372226787181887e+01
4.743226600985222063e+01
4.742543068088597380e+01
4.743704918032787532e+01
4.746879606879606683e+01
4.748805237315875871e+01
4.749403107113655409e+01
4.750506535947712905e+01
4.752791836734694186e+01
4.757512234910277726e+01
4.758899755501222728e+01
4.759625407166124234e+01
4.760846216436127065e+01
4.762113821138211733e+01
4.761177904142972750e+01
4.761972402597402265e+01
4.763617193836171992e+01
4.764821717990275829e+01
4.765093117408906664e+01
4.767014563106796032e+01
4.768690379951495828e+01
4.770201938610662751e+01
4.771291364003228352e+01
4.772717741935484526e+01
4.773295729250605035e+01
4.773228663446055009e+01
4.772775543041030488e+01
4.772130225080385912e+01
4.771309236947791277e+01
4.772881219903692340e+01
4.773408179631115189e+01
4.773221153846154863e+01
4.772690152121698048e+01
4.772304000000001167e+01
4.771502797761791470e+01
4.771493610223642889e+01
4.770454908220271761e+01
4.769840510366826436e+01
4.769697211155379080e+01
4.769920382165605588e+01
4.768790771678600038e+01
4.768370429252782827e+01
4.766870532168388053e+01
4.764944444444445537e+01
4.762386994448851141e+01
4.760198098256736188e+01
4.758068091844814518e+01
4.756400316455697208e+01
4.754537549407115193e+01
4.752448657187994030e+01
4.750173638516180574e+01
4.747673501577287425e+01
4.745697399527187343e+01
4.742952755905512419e+01
4.741439811172305951e+01
4.739410377358490933e+01
4.736653574234092900e+01
4.733830455259027303e+01
4.731482352941176828e+01
4.728119122257054130e+01
4.725129209083790727e+01
4.721846635367762701e+01
4.718186082877248566e+01
4.714742187500000625e+01
4.711061670569868198e+01
4.708135725429018237e+01
4.704793452844895540e+01
4.701370716510903947e+01
4.697750972762646171e+01
4.694479004665630129e+01
4.690862470862471412e+01
4.687725155279503753e+01
4.684088440651668606e+01
4.680860465116279556e+01
4.677591014717273765e+01
4.674427244582043528e+01
4.671152358855376008e+01
4.667890262751159725e+01
4.664880308880309201e+01
4.661836419753086602e+01
4.659298380878951207e+01
4.656278890600924569e+01
4.653094688221708708e+01
4.650369230769230455e+01
4.648985395849346247e+01
4.646643625192012195e+01
4.644781273983115000e+01
4.642515337423312616e+01
4.642206896551724071e+01
4.641761102603368272e+01
4.640612088752868658e+01
4.639908256880733717e+01
4.639343009931244666e+01
4.638465648854961643e+01
4.639313501144164320e+01
4.638696646341463037e+01
4.638316831683167862e+01
4.638173515981735306e+01
4.638958174904942666e+01
4.639635258358662639e+01
4.642194381169323947e+01
4.645591805766311921e+01
4.646004548900682352e+01
4.647553030303030397e+01
4.650370931112792761e+01
4.653479576399394091e+01
4.656787603930460762e+01
4.659743202416917995e+01
4.663094339622640661e+01
4.666146304675715584e+01
4.669804069329313023e+01
4.674329819277107845e+01
4.678773513920240390e+01
4.683872180451127321e+01
4.687655897821186102e+01
4.690217717717717250e+01
4.692880720180044563e+01
4.695982008995501644e+01
4.699872659176029543e+01
4.701699101796406666e+01
4.706192969334330201e+01
4.710792227204782989e+01
4.715989544436146019e+01
4.719955223880596407e+01
4.723310961968679322e+01
4.726505216095379325e+01
4.730275502606104965e+01
4.733869047619047166e+01
4.734981412639404397e+01
4.737236255572064891e+01
4.741217520415737852e+01
4.745007418397625543e+01
4.745700518902890508e+01
4.748711111111110483e+01
4.750969652109547781e+01
4.753557692307691696e+01
4.755949741315594537e+01
4.757400295420973890e+01
4.757852398523984050e+01
4.760280235988199848e+01
4.761422254974206680e+01
4.762665684830632529e+01
4.762369389256805619e+01
4.762816176470586527e+01
4.764048493754590652e+01
4.766718061674007600e+01
4.768606016140864767e+01
4.769692082111436093e+01
4.771076923076921616e+01
4.770651537335284331e+01
4.770863204096560395e+01
4.770365497076021910e+01
4.770409057706353906e+01
4.771065693430655585e+01
4.772428884026257379e+01
4.771909620991252154e+01
4.772352512745811026e+01
4.771848617176127050e+01
4.770756363636362352e+01
4.770784883720929059e+01
4.768917937545387531e+01
4.768352685050796680e+01
4.767628716461202032e+01
4.767159420289853244e+01
4.767885590152061326e+01
4.767843704775685865e+01
4.769190166305132550e+01
4.768330924855489883e+01
4.767819494584836804e+01
4.768549783549782717e+01
4.769055515501080578e+01
4.769567723342938592e+01
4.768185745140387866e+01
4.767194244604315401e+01
4.767907979870596336e+01
4.766537356321838814e+01
4.766611629576453169e+01
4.766011477761836090e+01
4.765426523297490746e+01
4.764118911174784188e+01
4.763178239083750043e+01
4.762174535050071000e+01
4.760686204431736712e+01
4.759985714285714664e+01
4.758129907209136888e+01
4.755955777460771117e+01
4.754319315751961739e+01
4.751844729344730922e+01
4.750711743772244233e+01
4.750064011379802764e+01
4.748429282160627452e+01
4.746306818181820120e+01
4.743853797019163920e+01
4.741659574468086902e+01
4.738958185683913626e+01
4.736501416430596834e+01
4.733665958952585129e+01
4.731315417256013234e+01
4.728607773851592100e+01
4.725374293785313284e+01
4.722039520112917188e+01
4.718758815232724402e+01
4.716081747709656469e+01
4.713119718309861383e+01
4.710007037297679489e+01
4.706800281293953958e+01
4.703843991567113392e+01
4.700877808988766304e+01
4.698266666666668812e+01
4.695918653576439539e+01
4.693300630693765640e+01
4.691778711484596442e+01
4.689580125962213941e+01
4.687398601398603404e+01
4.685974842767297588e+01
4.685258379888270497e+01
4.683852058618285952e+01
4.682754532775456369e+01
4.681512195121953823e+01
4.680647632311980288e+01
4.680675017397357607e+01
4.681703755215579577e+01
4.682557331480197860e+01
4.684000000000003183e+01
4.684975711311592050e+01
4.685880721220529921e+01
4.686285516285519037e+01
4.685879501385043966e+01
4.689826989619378850e+01
4.694080221300139755e+01
4.694927436074638649e+01
4.697182320441990555e+01
4.699503105590063967e+01
4.700351724137933473e+01
4.702494831150933408e+01
4.706446280991738007e+01
4.708527185134207826e+01
4.713191196698764429e+01
4.720776632302407450e+01
4.728523351648353668e+01
4.737357584076872286e+01
4.743408779149522303e+01
4.749232350925293389e+01
4.756513698630139686e+01
4.762566735112938687e+01
4.769322845417238455e+01
4.776144907723857358e+01
4.781762295081968972e+01
4.784525597269626473e+01
4.789809004092771971e+01
4.796305385139743294e+01
4.804100817438693838e+01
4.810735194009532023e+01
4.813700680272110333e+01
4.817430319510538794e+01
4.821637228260871666e+01
4.823815342837747977e+01
4.826580732700137588e+01
4.830454237288137165e+01
4.833306233062332069e+01
4.835416384563305314e+01
4.840270635994588844e+01
4.842974983096688391e+01
4.846601351351353060e+01
4.850594193112763719e+01
4.854736842105264572e+01
4.858577208361431587e+01
4.861563342318060421e+01
4.866006734006735712e+01
4.869636608344551121e+01
4.873893745796908661e+01
4.876256720430109226e+01
4.878804566823372824e+01
4.882711409395975011e+01
4.886029510395709252e+01
4.887861930294907609e+01
4.887796383121233390e+01
4.887523427041500668e+01
4.888729096989967360e+01
4.890020053475936379e+01
4.889899799599199781e+01
4.889779706275034954e+01
4.890213475650434560e+01
4.890233333333334542e+01
4.891025982678215911e+01
4.892043941411452579e+01
4.891876247504990260e+01
4.890751329787234880e+01
4.890465116279070656e+01
4.889754316069058149e+01
4.891008626410086890e+01
4.891830238726791436e+01
4.890444002650762911e+01
4.889476821192054246e+01
4.888153540701522815e+01
4.886858465608466418e+01
4.884593522802381216e+01
4.882787318361956608e+01
4.881795379537955171e+01
4.880494722955147324e+01
4.878035596572183863e+01
4.876396574440054366e+01
4.874009216589863769e+01
4.871763157894739038e+01
4.868717948717950605e+01
4.866353482260185359e+01
4.864320420223244668e+01
4.861778215223097988e+01
4.859527868852460131e+01
4.857326343381390643e+01
4.856149312377211658e+01
4.853121727748693104e+01
4.850281229561807095e+01
4.847215686274512336e+01
4.845042455911171686e+01
4.842454308093996929e+01
4.839941291585129335e+01
4.837718383311605663e+01
4.835211726384366671e+01
4.832597656250001705e+01
4.831040988939493985e+01
4.828465539661899442e+01
4.826101364522418180e+01
4.823993506493507510e+01
4.822264763140818644e+01
4.820058365758755770e+01
4.817323395981854617e+01
4.814611398963732114e+01
4.812588996763754778e+01
4.809909443725744893e+01
4.807718164188752752e+01
4.804754521963824487e+01
4.801865719819238620e+01
4.799193548387097508e+01
4.796602192134108122e+01
4.793518041237114602e+01
4.790811332904057451e+01
4.788140283140283771e+01
4.785067524115756754e+01
4.781992287917739048e+01
4.779261400128453374e+01
4.776264441591786181e+01
4.773463758819758596e+01
4.770435897435899619e+01
4.767443946188343062e+01
4.764430217669656997e+01
4.761381957773514984e+01
4.758734015345270763e+01
4.755846645367414283e+01
4.753116219667946041e+01
4.750561582641993397e+01
4.748214285714287541e+01
4.745576800509881110e+01
4.743337579617836752e+01
4.741152132399748353e+01
4.738600508905855691e+01
4.737113795295616114e+01
4.735832274459977498e+01
4.734050793650796862e+01
4.732284263959393655e+01
4.730773620798988333e+01
4.729936628643856267e+01
4.728328055731478230e+01
4.728379746835446440e+01
4.729563567362432508e+01
4.729292035398233196e+01
4.728243840808594456e+01
4.727127525252528528e+01
4.726441640378551767e+01
4.726815889029006712e+01
4.727082545683683179e+01
4.727355163727963117e+01
4.727117684078039872e+01
4.727949685534594693e+01
4.729811439346325841e+01
4.730508793969851666e+01
4.730878844946644080e+01
4.731951066499375003e+01
4.732420062695926788e+01
4.732418546365916967e+01
4.732273011897309800e+01
4.733660826032542701e+01
4.734878048780490190e+01
4.737906250000002473e+01
4.738950655840103110e+01
4.738813982521850932e+01
4.738689956331879927e+01
4.738254364089777937e+01
4.738897196261684286e+01
4.739632627646327734e+01
4.741935283136280077e+01
4.741585820895524250e+01
4.742405220633936125e+01
4.742372670807455393e+01
4.742085661080076164e+01
4.744236972704716493e+01
4.743248605083697100e+01
4.745037174721191775e+01
4.747089783281736430e+01
4.746998762376240677e+01
4.747316017316020265e+01
4.749561186650188915e+01
4.751846819024092383e+01
4.753598765432101914e+01
4.756310919185690977e+01
4.758736128236747476e+01
4.761195317313619313e+01
4.762949507389165404e+01
4.764110769230772036e+01
4.764329643296435535e+01
4.764665027658269736e+01
4.765165847665851118e+01
4.766040515653778442e+01
4.766049079754603923e+01
4.765370938074804030e+01
4.765343137254905059e+01
4.765045927740358422e+01
4.766523867809060988e+01
4.766654434250768446e+01
4.767102689486556244e+01
4.768649969456325977e+01
4.770848595848599416e+01
4.771995118974988515e+01
4.772134146341466732e+01
4.771639244363196752e+01
4.771090133982951187e+01
4.770066950699942510e+01
4.768485401459857087e+01
4.767404255319151929e+01
4.766081409477524033e+01
4.766666666666669272e+01
4.766425970873788742e+01
4.765397210430566588e+01
4.764151515151517913e+01
4.763101150817688989e+01
4.761240920096854978e+01
4.759655172413795299e+01
4.757297460701332881e+01
4.754441087613295736e+01
4.752355072463770824e+01
4.750108630054317871e+01
4.748039806996384016e+01
4.745430982519592789e+01
4.742987951807231184e+01
4.741336544250453500e+01
4.739428399518654089e+01
4.737985568250152113e+01
4.736424278846155289e+01
4.734024024024024868e+01
4.731578631452582329e+01
4.729154169166167776e+01
4.727559952038370028e+01
4.725488316357100871e+01
4.723083832335330356e+01
4.720724117295034006e+01
4.718205741626795913e+01
4.715803945008967446e+01
4.713410991636799707e+01
4.710782089552240848e+01
4.708138424821004975e+01
4.705855694692906610e+01
4.703176400476760932e+01
4.701012507444909971e+01
4.698613095238097515e+01
4.695865556216540426e+01
4.693579072532701701e+01
4.691188354129533167e+01
4.688657957244657837e+01
4.686017804154305111e+01
4.683618030842232116e+01
4.681398933017192121e+01
4.679845971563982943e+01
4.677460035523980508e+01
4.674816568047339871e+01
4.672063867534005510e+01
4.669698581560285788e+01
4.667253396337864046e+01
4.664533648170014146e+01
4.662082595870209190e+01
4.659428066037738603e+01
4.656965232763703710e+01
4.654299175500592156e+01
4.652242495585642246e+01
4.650005882352945008e+01
4.648283362727810442e+01
4.646210340775561320e+01
4.644045801526721107e+01
4.641778169014088462e+01
4.639847507331382559e+01
4.638429073856978846e+01
4.636321031048626651e+01
4.634806791569089768e+01
4.634499707431250215e+01
4.634614035087723494e+01
4.635341905318531275e+01
4.634561915887854866e+01
4.634997081144195619e+01
4.635297549591602717e+01
4.635037900874639405e+01
4.634230769230773461e+01
4.635556202679095605e+01
4.637258440046570485e+01
4.637463641652127677e+01
4.638813953488376995e+01
4.640743753631614510e+01
4.642479674796753386e+01
4.644225188624497491e+01
4.647412993039447571e+01
4.648359420289860111e+01
4.649750869061418257e+01
4.650845396641579299e+01
4.652702546296301023e+01
4.654349334875655586e+01
4.655878612716767861e+01
4.656984402079727658e+01
4.659382217090074363e+01
4.661581073283328891e+01
4.664077277970016411e+01
4.666495677233434236e+01
4.671250000000004832e+01
4.673045480713879130e+01
4.674959723820487767e+01
4.676589994249573579e+01
4.679293103448280533e+01
4.681384261918442036e+01
4.683553386911600569e+01
4.683866896156057891e+01
4.685860091743124656e+01
4.688974212034388955e+01
4.691953035509741454e+01
4.695334859759592661e+01
4.696670480549204285e+01
4.697753001715270926e+01
4.699382857142862235e+01
4.699931467732729118e+01
4.700673515981740280e+01
4.701602966343416767e+01
4.702753705815284491e+01
4.703549857549862878e+01
4.705250569476086753e+01
4.706414342629486924e+01
4.707804323094430288e+01
4.707845366685621968e+01
4.709085227272731800e+01
4.709687677455995214e+01
4.710868331441547951e+01
4.710873511060695762e+01
4.712210884353745399e+01
4.711184135977340759e+01
4.711766704416764640e+01
4.712043010752691430e+01
4.711855203619913368e+01
4.710757490107408785e+01
4.710864406779664648e+01
4.710745341614910586e+01
4.709621896162531840e+01
4.710423011844335406e+01
4.709385569334839516e+01
4.708873239436623237e+01
4.708620495495499370e+01
4.708255486775468057e+01
4.707260967379081507e+01
4.706250702641937522e+01
4.705348314606745674e+01
4.703829309376758516e+01
4.701823793490463999e+01
4.700734716769493815e+01
4.699321748878928418e+01
4.699383753501405181e+01
4.697553191489366498e+01
4.695394515948521530e+01
4.694630872483226369e+01
4.693694801565124664e+01
4.693106145251400818e+01
4.692624232272478224e+01
4.690814732142861487e+01
4.689637479085336480e+01
4.688266443701230912e+01
4.686155988857943555e+01
4.685295100222721487e+01
4.684624373956599186e+01
4.683932146829815224e+01
4.683046136742638765e+01
4.681144444444448993e+01
4.679627984453085787e+01
4.677541620421757784e+01
4.675951192457020511e+01
4.674146341463418963e+01
4.671983379501389066e+01
4.670531561461798020e+01
4.668693967902605380e+01
4.666272123893809010e+01
4.664156992813713032e+01
4.662298342541439666e+01
4.660154610712316980e+01
4.658162251655632957e+01
4.656111417539992203e+01
4.654294377067258637e+01
4.652203856749315491e+01
4.650523127753307762e+01
4.648800220143096595e+01
4.646908690869091174e+01
4.644810335349097130e+01
4.642494505494509838e+01
4.640400878638115501e+01
4.638562019758511212e+01
4.636264399341748543e+01
4.633739035087723579e+01
4.631210958904114250e+01
4.628806133625414532e+01
4.626518883415439376e+01
4.623987964989063215e+01
4.622017495899402206e+01
4.619808743169402732e+01
4.617323866739490512e+01
4.614858078602623692e+01
4.612373158756141578e+01
4.610059978189752883e+01
4.607754768392374700e+01
4.605245098039220153e+01
4.603037561241158215e+01
4.600533188248100203e+01
4.598705818379558252e+01
4.596206521739134132e+01
4.593862031504620802e+01
4.591444082519004866e+01
4.589001627780795189e+01
4.586637744034710806e+01
4.584563685636859987e+01
4.582963163596970446e+01
4.581039523551709891e+01
4.578620129870134292e+01
4.576592752839377454e+01
4.575037837837842147e+01
4.573295515937335409e+01
4.572235421166311653e+01
4.570555855369676124e+01
4.568969795037761372e+01
4.568010781671164011e+01
4.567101293103453230e+01
4.565239633817991205e+01
4.564876210979553406e+01
4.564814416352883342e+01
4.564811827956994961e+01
4.564056958624401261e+01
4.562921589688512825e+01
4.562469135802474796e+01
4.562328326180263360e+01
4.562000000000005429e+01
4.561800643086822049e+01
4.562067487948586120e+01
4.562740899357606850e+01
4.561910112359556280e+01
4.562368983957225055e+01
4.561961517904869368e+01
4.562441239316245145e+01
4.562931126534977011e+01
4.565074706510144864e+01
4.565653333333339248e+01
4.565314498933908283e+01
4.565439531166762066e+01
4.565617678381263289e+01
4.567072911122944134e+01
4.567771276595750862e+01
4.568266879319517670e+01
4.570021253985128595e+01
4.573287307488057252e+01
4.573805732484082398e+01
4.573793103448281983e+01
4.573027571580070116e+01
4.574022257551675352e+01
4.574528601694921548e+01
4.575161461090530679e+01
4.576084656084662328e+01
4.579143310417774870e+01
4.579244186046518195e+01
4.579788695192821990e+01
4.578310454065476875e+01
4.577947229551457298e+01
4.578945147679331029e+01
4.580558777016347705e+01
4.583846153846159410e+01
4.584628751974729255e+01
4.584984210526322101e+01
4.584829037348769276e+01
4.584542586750794158e+01
4.584745139253814727e+01
4.585189075630257349e+01
4.587244094488194435e+01
4.588268625393499178e+01
4.589087572102783952e+01
4.589161425576524778e+01
4.588810895756945740e+01
4.588183246073302968e+01
4.587284144427005828e+01
4.587897489539754048e+01
4.587631991636178697e+01
4.587748171368866679e+01
4.587415143603138290e+01
4.589744258872656957e+01
4.591883150756395082e+01
4.591173096976022094e+01
4.591151641479942924e+01
4.590817708333338487e+01
4.591379489849042272e+01
4.591415192507809451e+01
4.592475299011965717e+01
4.591767151767157173e+01
4.591251948051953491e+01
4.590041536863972738e+01
4.589517384535553646e+01
4.588335062240670226e+01
4.587967858994304038e+01
4.588616580310886661e+01
4.589129984464014456e+01
4.589560041407873570e+01
4.588551474392142637e+01
4.587807652533614799e+01
4.586542635658920375e+01
4.584607438016534076e+01
4.583386680433665106e+01
4.581656346749231545e+01
4.580020629190310189e+01
4.578252577319592831e+01
4.577243688820200873e+01
4.576858908341920795e+01
4.574755532681425763e+01
4.572700617283955893e+01
4.570524421593835740e+01
4.568638232271330679e+01
4.566692347200827129e+01
4.565195071868588172e+01
4.563314520266808927e+01
4.561087179487184784e+01
4.558928754484884394e+01
4.556798155737710232e+01
4.554669738863292139e+01
4.552471852610035796e+01
4.550358056265989859e+01
4.548144171779146205e+01
4.545835462442519059e+01
4.543513789581210460e+01
4.541444614599290475e+01
4.539357142857147664e+01
4.537266700662931385e+01
4.535163098878700083e+01
4.533005603667859873e+01
4.530712830957234871e+01
4.528890585241735067e+01
4.526820956256363360e+01
4.524575495678703874e+01
4.522601626016265186e+01
4.520421533773494360e+01
4.518274111675132332e+01
4.516007102993409461e+01
4.513762677484791652e+01
4.511474911302589419e+01
4.509189463019254873e+01
4.506992405063295593e+01
4.504721659919032817e+01
4.502503793626711825e+01
4.500384226491409834e+01
4.498145528044471320e+01
4.496065656565661328e+01
4.493937405350838077e+01
4.491801210898088215e+01
4.489692385274841513e+01
4.488301411290328247e+01
4.486302267002524502e+01
4.484617321248746435e+01
4.482632108706597762e+01
4.480764587525155918e+01
4.479150326797390136e+01
4.477311557788949159e+01
4.475886489201410257e+01
4.474759036144582325e+01
4.473667837431013083e+01
4.473545636910736789e+01
4.473248120300756625e+01
4.473076152304614084e+01
4.472488733099654468e+01
4.473693693693698492e+01
4.475037518759384625e+01
4.476280000000005543e+01
4.476516741629190932e+01
4.476953046953052251e+01
4.476839740389421252e+01
4.476327345309386629e+01
4.476354114713222287e+01
4.476884346959128180e+01
4.477992027902347161e+01
4.479337649402395982e+01
4.480816326530617744e+01
4.481955223880602546e+01
4.482386872202889094e+01
4.481908548707758655e+01
4.481922503725787976e+01
4.482214498510432321e+01
4.483245657568243558e+01
4.483650793650799216e+01
4.485131383242444514e+01
4.486471754212096386e+01
4.488945022288266529e+01
4.490420792079213186e+01
4.493844631370613740e+01
4.497304648862517240e+01
4.501003460207617479e+01
4.506413043478266189e+01
4.510577777777782416e+01
4.511915103652521708e+01
4.514444992599905504e+01
4.518594674556217683e+01
4.521099063578122212e+01
4.522088669950743878e+01
4.523417035942890152e+01
4.525152559055122481e+01
4.526699458927697606e+01
4.527394296951823094e+01
4.530457002457006865e+01
4.533226915520633327e+01
4.534923907707416646e+01
4.536869479882241762e+01
4.538734673859738677e+01
4.539411764705885588e+01
4.539544341009312944e+01
4.541214495592560496e+01
4.542246696035245890e+01
4.542558708414876634e+01
4.544645476772620185e+01
4.547859237536660970e+01
4.548798241328778147e+01
4.549946289062503979e+01
4.550395314787704848e+01
4.550751219512198986e+01
4.550580204778160720e+01
4.550063352826514063e+01
4.550336093521679715e+01
4.550744888023372425e+01
4.551946472019468359e+01
4.550452334630353590e+01
4.549859017987363785e+01
4.549528668610305004e+01
4.548654686741139841e+01
4.547378640776702241e+01
4.546933527413880682e+01
4.547133850630459762e+01
4.546248182258850079e+01
4.545494186046515495e+01
4.544818401937049401e+01
4.543988383349471150e+01
4.543081761006293107e+01
4.542451644100583508e+01
4.541329144514261174e+01
4.540763285024157625e+01
4.540593915982619677e+01
4.539502895752898581e+01
4.538171731789680052e+01
4.536861137897784602e+01
4.535532530120485006e+01
4.534325626204242354e+01
4.532710640346657271e+01
4.531799807507221090e+01
4.532251082251084995e+01
4.530600961538464588e+01
4.528808265257090682e+01
4.526911623439004018e+01
4.525261641862700657e+01
4.523402111324379149e+01
4.521458033573144064e+01
4.519587727708535141e+01
4.517776712985148180e+01
4.516451149425289202e+01
4.514504547630447462e+01
4.512416267942585790e+01
4.510416068866572914e+01
4.508551625239008587e+01
4.506550406115626117e+01
4.504832855778417411e+01
4.502849642004775887e+01
4.500725190839697376e+01
4.499208392942301060e+01
4.497616777883701644e+01
4.495950452596477476e+01
4.493942857142859992e+01
4.491827701094720027e+01
4.489933396764988771e+01
4.487883975273422266e+01
4.486288022813691612e+01
4.485144893111642261e+01
4.484154795821466166e+01
4.483360227812058696e+01
4.482148956356740399e+01
4.481213845424375819e+01
4.480303317535549468e+01
4.479246802463291743e+01
4.477907196969701431e+01
4.476048272598205813e+01
4.475028382213817224e+01
4.473763593380618886e+01
4.473147448015127026e+01
4.473056211620221490e+01
4.473186968838531641e+01
4.472892873997172813e+01
4.472570754716985419e+01
4.473300330033007555e+01
4.474453345900098356e+01
4.475105982100804880e+01
4.477641242937857413e+01
4.478912941176474760e+01
4.480094073377238573e+01
4.480926187118010517e+01
4.480629699248124354e+01
4.481545326444344113e+01
4.482892018779347154e+01
4.483242609103711374e+01
4.484029080675426826e+01
4.484777308954529218e+01
4.486026241799442715e+01
4.486758782201410156e+01
4.488375468164798576e+01
4.490093589143664587e+01
4.492343311506085257e+01
4.493496961196826334e+01
4.495766355140192161e+01
4.497361046240079929e+01
4.498020541549959006e+01
4.498483434437709860e+01
4.498894589552244128e+01
4.499986013986019628e+01
4.500829450139800514e+01
4.501863064741505127e+01
4.501871508379893783e+01
4.503662168450447467e+01
4.504986046511633191e+01
4.506866573686662747e+01
4.508517657992570804e+01
4.510000000000005826e+01
4.512149489322196416e+01
4.514603248259866319e+01
4.516396103896109082e+01
4.518460825220218169e+01
4.519212233549588120e+01
4.519448818897642894e+01
4.520087962962968220e+01
4.521184636742253815e+01
4.521998149861244798e+01
4.522228386500236041e+01
4.522578558225513490e+01
4.523177829099311964e+01
4.524409048938139222e+01
4.525560682971855186e+01
4.526508302583030741e+01
4.526007376671281435e+01
4.526410138248851922e+01
4.528060801473979780e+01
4.530948434622472121e+01
4.531868384721587972e+01
4.532079116835330979e+01
4.531604597701154091e+01
4.531277573529416003e+01
4.530886541111625831e+01
4.530128558310381237e+01
4.529054612207438879e+01
4.528119266055050218e+01
4.527514901421370297e+01
4.527016498625118857e+01
4.526573522675221994e+01
4.525682234432238715e+01
4.524279176201377339e+01
4.524181152790490046e+01
4.523484224965711320e+01
4.522842778793423690e+01
4.521900411146647514e+01
4.520534246575347481e+01
4.519265175718854977e+01
4.517796532846720226e+01
4.516602827177387525e+01
4.515000000000004832e+01
4.513794988610483472e+01
4.512550091074685810e+01
4.511046882111975975e+01
4.509476797088267830e+01
4.507935425193274881e+01
4.506395454545459955e+01
4.505161290322585188e+01
4.504123524069032669e+01
4.502514752610082382e+01
4.500780399274052002e+01
4.498920634920639827e+01
4.497284678150503368e+01
4.495618486633443922e+01
4.494080615942034029e+01
4.492602987777279822e+01
4.491574660633489202e+01
4.490000000000004832e+01
4.488101265822789543e+01
4.486217803886132316e+01
4.484426377597113600e+01
4.482528216704293555e+01
4.480514440433217516e+01
4.478723500225535048e+01
4.476839495040582051e+01
4.474849031095092755e+01
4.472846846846852031e+01
4.470986042323282561e+01
4.469324932493254465e+01
4.467507872244719636e+01
4.466007194244609479e+01
4.464885393258432345e+01
4.463180592991918871e+01
4.461594072743606176e+01
4.459964093357276482e+01
4.458142664872145389e+01
4.456399103139018791e+01
4.454791573285527306e+01
4.453485663082442159e+01
4.452324227496646358e+01
4.451248880931070318e+01
4.450290827740497690e+01
4.448846153846159268e+01
4.448077782744752540e+01
4.448132260947279093e+01
4.447659669495315171e+01
4.447017857142861885e+01
4.446912092815712469e+01
4.447301516503127061e+01
4.448181007579140100e+01
4.448939393939399167e+01
4.449755011135862759e+01
4.451081923419417308e+01
4.452532265242550835e+01
4.453883451957300821e+01
4.454330813694981117e+01
4.455462222222227808e+01
4.455806308307424501e+01
4.457690941385440908e+01
4.459085663559704216e+01
4.461055900621123982e+01
4.464195121951225076e+01
4.467686170212770946e+01
4.471577315019943200e+01
4.475287865367587159e+01
4.477020805666229109e+01
4.479876106194695495e+01
4.483056169836360283e+01
4.486834659593285579e+01
4.491263809102965610e+01
4.495362190812726055e+01
4.497823399558503610e+01
4.501350397175644957e+01
4.502646669607415220e+01
4.504576719576724031e+01
4.506928162185989351e+01
4.510193832599123454e+01
4.512016732716868717e+01
4.514476232394370214e+01
4.518095028596572149e+01
4.520395778364120076e+01
4.525674725274729582e+01
4.528769771529002242e+01
4.530715854194119174e+01
4.533077260755052862e+01
4.536450197455028643e+01
4.538526315789477650e+01
4.540056992547133063e+01
4.541459246275201167e+01
4.542299605781870042e+01
4.545087565674260333e+01
4.548275711159742229e+01
4.550704286964133871e+01
4.552982072584176620e+01
4.555616258741263636e+01
4.558545216251643950e+01
4.560401746724896554e+01
4.561383675250988290e+01
4.561230366492152655e+01
4.561443523767995600e+01
4.562044463818663331e+01
4.563686274509809948e+01
4.564342334494779152e+01
4.564723552459735600e+01
4.566388163620545271e+01
4.567337973031758480e+01
4.569939130434787700e+01
4.570843111690574290e+01
4.571246741963515348e+01
4.571797655232310831e+01
4.572777777777783115e+01
4.572772234273324443e+01
4.572718993928886277e+01
4.572748157780672784e+01
4.572188041594459662e+01
4.571485491554791025e+01
4.572095238095243275e+01
4.573011683254007664e+01
4.573628892733569273e+01
4.574500648508435319e+01
4.574524632670705415e+01
4.574207343412531657e+01
4.573687392055272483e+01
4.573249892101861036e+01
4.573554788610876187e+01
4.573919793014235324e+01
4.574564655172418526e+01
4.573670831538134962e+01
4.572192075796731814e+01
4.570985794231601318e+01
4.569888123924273060e+01
4.568662365591401908e+01
4.567523645743769833e+01
4.566880103137090430e+01
4.565884879725089718e+01
4.564461142121086112e+01
4.563742489270389768e+01
4.562960102960106212e+01
4.562122641509437670e+01
4.560771538791259871e+01
4.559143101970869338e+01
4.557755888650967790e+01
4.556635273972606370e+01
4.555113393239199127e+01
4.553498716852013928e+01
4.551988029072256836e+01
4.550846153846157449e+01
4.549060230670657035e+01
4.547139197267296851e+01
4.545667947076401560e+01
4.543741467576795401e+01
4.541910447761198100e+01
4.540187553282186173e+01
4.538466126970604364e+01
4.537244463373087200e+01
4.535921668795236172e+01
4.534710638297875818e+01
4.533241173968527704e+01
4.532521258503404482e+01
4.531381215469616563e+01
4.529995751911643254e+01
4.528985138004249933e+01
4.528421052631582455e+01
4.527798048366571493e+01
4.527413061916882242e+01
4.527299703264098696e+01
4.526478813559325687e+01
4.526039813638291776e+01
4.527036409822187579e+01
4.527067287346596913e+01
4.526311336717431288e+01
4.526410147991546751e+01
4.528140321217247788e+01
4.529463455851291798e+01
4.530747466216219266e+01
4.532418742085270935e+01
4.533607594936712104e+01
4.536596372838467772e+01
4.539203204047220197e+01
4.541268436578173606e+01
4.543664700926708377e+01
4.546964210526318340e+01
4.550172558922561450e+01
4.553125788809425956e+01
4.556820857863753105e+01
4.560361496427072581e+01
4.564739495798321656e+01
4.571276774464513437e+01
4.576238455079767675e+01
4.580944187998323969e+01
4.586942114093962175e+01
4.592121593291406612e+01
4.597053646269910132e+01
4.600490155006286130e+01
4.603442211055278932e+01
4.606056927584765504e+01
4.607732217573224176e+01
4.609769970723549193e+01
4.615773411371240087e+01
4.621115754283329125e+01
4.626194653299918969e+01
4.630200417536536861e+01
4.634858096828048701e+01
4.638902795160619519e+01
4.642652210175148753e+01
4.644710295956651436e+01
4.648525000000002905e+01
4.651549354435654493e+01
4.657202331390510608e+01
4.661818560133169598e+01
4.665994176372715430e+01
4.668469854469857694e+01
4.671587697423111507e+01
4.674873286248445226e+01
4.678073089700999532e+01
4.682162723121630421e+01
4.685680497925314825e+01
4.689688925756950511e+01
4.692620232172474459e+01
4.694886033982598406e+01
4.696868268434138116e+01
4.699465838509320292e+01
4.702214403973513868e+01
4.704662805130330128e+01
4.706174524400334747e+01
4.707990905332786014e+01
4.709566115702482847e+01
4.709739776951676760e+01
4.710330305532621509e+01
4.710647957078005987e+01
4.710936468646868747e+01
4.711463917525777134e+01
4.711990931574612063e+01
4.712352698805112539e+01
4.714238056013182643e+01
4.716764100452864028e+01
4.718962962962966401e+01
4.719551624845745863e+01
4.720119243421055444e+01
4.721594739005346497e+01
4.721774856203783344e+01
4.721987679671461535e+01
4.721929392446637053e+01
4.721661879359871961e+01
4.720656275635770527e+01
4.719622796227965722e+01
4.718881147540987087e+01
4.717906595657520796e+01
4.717465192465195400e+01
4.717142857142859924e+01
4.717459083469724845e+01
4.716683026584869509e+01
4.715727718724451023e+01
4.714703718839398050e+01
4.714178921568630898e+01
4.713336055532873559e+01
4.711571428571431852e+01
4.710057119543046866e+01
4.709269983686789374e+01
4.707859763554834132e+01
4.706829665851673639e+01
4.705262729124239485e+01
4.704303745928342551e+01
4.703174603174606716e+01
4.701594792514242727e+01
4.699747864985770462e+01
4.697939024390247909e+01
4.696038195855346942e+01
4.694151096669378376e+01
4.692687779131144055e+01
4.690856331168834714e+01
4.688985801217042138e+01
4.687092457420928326e+01
4.685387109850023535e+01
4.683829011345222426e+01
4.681992709599031599e+01
4.680380566801622422e+01
4.678858761634968744e+01
4.677273462783175262e+01
4.676316215123335951e+01
4.675266774454328811e+01
4.673575757575761003e+01
4.672144588045237867e+01
4.671425111021400056e+01
4.670819209039551367e+01
4.670012101653895797e+01
4.669770161290325916e+01
4.669609028617495738e+01
4.670084609186142899e+01
4.671796214256949753e+01
4.673011272141709327e+01
4.674092555331994703e+01
4.677200321802094862e+01
4.680080418174510015e+01
4.682648713826368692e+01
4.686255524306952935e+01
4.689056224899601233e+01
4.692356483340027040e+01
4.697279293739970996e+01
4.702342559165666813e+01
4.706684041700083299e+01
4.712865731462929375e+01
4.718673878205132155e+01
4.723392070484585048e+01
4.726717373899123231e+01
4.731124449779915864e+01
4.736240000000003647e+01
4.740927628948424655e+01
4.747054356514792062e+01
4.752636835797046899e+01
4.757048722044731903e+01
4.764562874251500801e+01
4.772789305666404402e+01
4.779297965696054717e+01
4.786937799043065667e+01
4.793100836986850766e+01
4.797760956175302027e+01
4.803444842692157124e+01
4.809335191082805494e+01
4.814397134898530339e+01
4.819303898170249312e+01
4.824998011928432362e+01
4.831037360890304910e+01
4.837111640842275051e+01
4.842398729150121994e+01
4.846522429535532694e+01
4.852043650793653740e+01
4.858742562475210747e+01
4.862490087232357894e+01
4.867923107411814243e+01
4.872464342313790553e+01
4.877346534653468524e+01
4.882094220110850102e+01
4.886082311040762960e+01
4.892045094936712246e+01
4.895852115460659348e+01
4.898320158102769994e+01
4.901284077439750320e+01
4.904285150078991506e+01
4.908124753257010298e+01
4.910370955011841687e+01
4.912465483234716856e+01
4.915339116719245993e+01
4.918115884903432544e+01
4.920520094562650826e+01
4.923375344623870831e+01
4.926716535433074284e+01
4.929783549783552843e+01
4.931101494885919578e+01
4.932685804168308152e+01
4.934111635220128989e+01
4.934447937131633921e+01
4.934320502749414317e+01
4.934464075382806669e+01
4.934937205651494452e+01
4.935001961553553684e+01
4.936101960784316844e+01
4.936918855350845803e+01
4.937170846394987223e+01
4.937728162945557386e+01
4.937270947533284016e+01
4.936614481409005606e+01
4.936244131455402595e+01
4.935827141181074751e+01
4.935863956215796833e+01
4.935717076983200258e+01
4.935601562500003325e+01
4.935380710659901382e+01
4.935093676814991426e+01
4.934018728053065672e+01
4.932944617784714580e+01
4.933021442495130060e+01
4.932638347622762609e+01
4.931764705882356026e+01
4.930747663551404969e+01
4.929599065784355361e+01
4.928630350194555376e+01
4.927378451964219153e+01
4.926601866251947115e+01
4.926358336572098295e+01
4.925839160839164066e+01
4.924687378640779656e+01
4.924064440993792147e+01
4.923659293752428567e+01
4.923118696664084126e+01
4.922117099651030969e+01
4.920786821705429048e+01
4.919473072452540663e+01
4.918253292021691436e+01
4.916987998451416075e+01
4.915417956656349929e+01
4.913883945841395473e+01
4.912335653518951517e+01
4.910556629300351261e+01
4.909018547140652799e+01
4.907303978370030961e+01
4.905644787644791194e+01
4.904037051331535935e+01
4.902727623456794248e+01
4.901511762437335307e+01
4.900173477255208354e+01
4.898736030828520427e+01
4.897110939907553728e+01
4.896153253754336276e+01
4.894880677444191974e+01
4.893455175067337137e+01
4.891915384615388263e+01
4.890680507497120288e+01
4.889573405073024759e+01
4.888301959277760034e+01
4.887077572964673777e+01
4.886284069097892768e+01
4.885345356868767652e+01
4.884441887226701340e+01
4.884436349693255153e+01
4.884300498275204916e+01
4.884256704980846564e+01
4.884557640750673357e+01
4.884647779479329444e+01
4.884699579027940786e+01
4.885019127773530556e+01
4.885338432122374286e+01
4.886162079510706491e+01
4.888532670997327756e+01
4.890240641711232428e+01
4.892642229858727632e+01
4.893427480916033545e+01
4.894860740175508340e+01
4.895560640732268354e+01
4.897182615325965571e+01
4.899401676829270968e+01
4.900460952380955604e+01
4.901953541508000001e+01
4.903677198325088682e+01
4.906621004566212463e+01
4.909387599847853778e+01
4.911775665399242286e+01
4.913413150893199344e+01
4.914631458966567834e+01
4.917595898214965899e+01
4.919916476841308395e+01
4.921696394686910025e+01
4.923975720789076860e+01
4.926552901023893583e+01
4.928768006065203622e+01
4.930159151193636546e+01
4.932450757575760036e+01
4.934536160545250283e+01
4.937229371688117396e+01
4.940499432463112583e+01
4.942670196671711835e+01
4.945338374291117844e+01
4.947475434618294088e+01
4.949263316962601778e+01
4.951095166163144512e+01
4.952672706681768489e+01
4.954415094339624659e+01
4.956073179932103301e+01
4.957895927601811792e+01
4.960229928382964459e+01
4.963176337603619004e+01
4.965182674199624557e+01
4.967435993975905006e+01
4.970365073391043609e+01
4.972513167795335676e+01
4.974874012786762734e+01
4.976500000000000767e+01
4.978369034197670828e+01
4.979752066115703713e+01
4.981457003379648540e+01
4.982721471471472796e+01
4.984277673545967247e+01
4.985371342835710351e+01
4.985778027746533070e+01
4.986600449775113475e+01
4.986886474334958308e+01
4.986883895131087030e+01
4.988049419692999464e+01
4.988480538922156171e+01
4.988492330714554157e+01
4.988560209424085201e+01
4.989057943925235605e+01
4.990265321375188989e+01
4.990698543145314403e+01
4.992135922330098907e+01
4.993262411347519958e+01
4.993757462686569681e+01
4.994897426333460544e+01
4.996316181953768165e+01
4.997305255311221117e+01
4.998304769001492787e+01
4.998826815642460275e+01
4.999247952345496770e+01
4.998935615928547094e+01
4.998761160714287399e+01
4.998516177017479833e+01
4.998252788104090172e+01
4.998104793756968434e+01
4.998391530460625631e+01
4.998109914593391778e+01
4.997720861172978601e+01
4.996723562152135401e+01
4.995819732937687263e+01
4.996166110493141588e+01
4.995452186805042771e+01
4.994486846980364447e+01
4.993500000000000938e+01
4.992673084042948517e+01
4.991787564766841001e+01
4.990728819829819685e+01
4.990373520710059552e+01
4.989988909426987362e+01
4.989475240206947859e+01
4.989693387513852940e+01
4.989091580502216061e+01
4.988733850129199965e+01
4.988630996309964161e+01
4.987713021025452775e+01
4.986629793510325470e+01
4.985488389237007567e+01
4.984075165806927998e+01
4.982662983425414893e+01
4.981016200294551766e+01
4.979514170040486931e+01
4.978101545253863947e+01
4.977307833762413480e+01
4.976937500000001791e+01
4.975619257625874070e+01
4.974125642909626777e+01
4.973011384502388665e+01
4.971472099853158255e+01
4.969944954128441594e+01
4.968279530447542669e+01
4.967260726072607468e+01
4.966129032258064768e+01
4.964763649688530478e+01
4.963391941391941486e+01
4.961644086415232380e+01
4.960428257686676545e+01
4.959107208196121519e+01
4.958046817849304944e+01
4.956424131627056795e+01
4.955171783625731052e+01
4.953960540738034268e+01
4.952994886778670747e+01
4.951504198612632734e+01
4.950167883211678799e+01
4.949040496169281766e+01
4.948639679066375408e+01
4.947615749179730216e+01
4.946909620991254286e+01
4.946710382513661841e+01
4.946504005826656680e+01
4.945762650163815266e+01
4.945534934497817403e+01
4.945623863222990479e+01
4.947229090909091553e+01
4.948211559432934337e+01
4.950036337209303383e+01
4.951242281147840174e+01
4.952897603485840250e+01
4.953655172413794361e+01
4.953965892597970111e+01
4.957181719260067609e+01
4.959920232052213862e+01
4.961670895251904767e+01
4.964318840579712599e+01
4.968554871423400243e+01
4.971734250543087796e+01
4.974929424538547806e+01
4.976801736613606408e+01
4.979862567811937168e+01
4.983467100506148739e+01
4.987426816046261990e+01
4.990762283236996666e+01
4.995763813651139884e+01
5.000682310469316860e+01
5.005492601948757425e+01
5.010046897546899913e+01
5.013995672556799832e+01
5.017775775054075638e+01
5.020515315315318361e+01
5.024618155619599236e+01
5.029287000360103832e+01
5.033138948884091235e+01
5.036232457718605815e+01
5.039291366906476810e+01
5.043052858683928008e+01
5.047160316319197193e+01
5.050661157024795500e+01
5.055111350574714635e+01
5.057389587073610215e+01
5.060646087580762043e+01
5.063692142088267900e+01
5.067485652797705598e+01
5.070240229472930338e+01
5.071681003584230041e+01
5.075016123253314504e+01
5.078882521489972390e+01
5.083054063730755701e+01
5.087047244094488718e+01
5.090146690518783856e+01
5.093694563662375430e+01
5.095849124061495417e+01
5.099874910650465409e+01
5.103547695605573864e+01
5.106082142857143680e+01
5.107193859335952624e+01
5.109311206281228834e+01
5.111273635390654135e+01
5.113288159771755659e+01
5.115700534759358931e+01
5.117252316464719542e+01
5.118924118275740653e+01
5.121623931623933146e+01
5.122801708793166142e+01
5.122793594306050835e+01
5.123336890786197984e+01
5.124384779516359600e+01
5.126089584073944394e+01
5.127505330490406976e+01
5.128603907637658210e+01
5.129332386363638108e+01
5.129297124600640956e+01
5.129457061745920043e+01
5.128822277403335761e+01
5.128187943262412318e+01
5.128390641616449130e+01
5.129599574769667214e+01
5.130740347148424263e+01
5.131391643059490804e+01
5.132279646017700259e+01
5.132094833687191482e+01
5.131602405376725073e+01
5.130689533239038980e+01
5.129430894308944033e+01
5.128042402826856261e+01
5.127036382903568779e+01
5.125886299435029514e+01
5.124659371690788134e+01
5.123412138320396281e+01
5.122211640211641992e+01
5.120976727785615168e+01
5.120140994007756774e+01
5.119189570119804955e+01
5.118467770341672463e+01
5.117056338028172036e+01
5.115392467441044744e+01
5.114247009148489553e+01
5.113017938797048600e+01
5.111828410689172841e+01
5.110119507908614622e+01
5.109139142656363219e+01
5.107874956094137531e+01
5.106731039325845956e+01
5.105419445419449431e+01
5.103666666666670437e+01
5.102511399508948386e+01
5.100981767180929438e+01
5.099327024185072332e+01
5.098780658724600556e+01
5.097527145359023137e+01
5.095980392156866401e+01
5.094560728036405095e+01
5.092862141357596073e+01
5.091594963273875152e+01
5.091199300699304331e+01
5.090573226144708485e+01
5.089402515723273979e+01
5.088777506112472793e+01
5.088351955307266650e+01
5.087759162303668603e+01
5.088098394975579453e+01
5.087715381932336811e+01
5.086886331938637085e+01
5.087169745555947031e+01
5.086790940766554314e+01
5.087673284569840604e+01
5.088965877437330221e+01
5.089286460146193036e+01
5.091057759220602463e+01
5.093245217391307733e+01
5.095354659248960871e+01
5.097758081334727365e+01
5.100333564975682066e+01
5.102907259465096246e+01
5.107357638888893803e+01
5.111183616799726792e+01
5.115138792505209153e+01
5.117922303156439057e+01
5.120676144244109906e+01
5.123701906412482998e+01
5.128724878724883496e+01
5.131343955663323442e+01
5.135415512465378640e+01
5.139754240221535042e+01
5.143491349480973440e+01
5.147696298858531350e+01
5.151639004149382117e+01
5.155986864846185114e+01
5.158714581893577389e+01
5.161778929188259468e+01
5.164841160220998262e+01
5.167621677597518470e+01
5.169475500345069463e+01
5.172845808899624132e+01
5.177968965517244726e+01
5.180499827645643052e+01
5.183728463128880293e+01
5.186469169824322734e+01
5.189149449035816275e+01
5.192075731497421742e+01
5.196052993805922426e+01
5.199146886824908620e+01
5.202173314993125786e+01
5.204554829838435381e+01
5.208597938144333028e+01
5.212775678461013484e+01
5.217039835164838735e+01
5.219550291795403041e+01
5.222704186684972427e+01
5.224624356775304079e+01
5.227784636488343750e+01
5.231134727459722455e+01
5.234862919808091419e+01
5.236724905789657925e+01
5.238349315068496992e+01
5.239082505991102323e+01
5.239520876112255365e+01
5.240660280533702320e+01
5.241073871409032847e+01
5.241466666666670449e+01
5.242706766917297756e+01
5.244051930304069487e+01
5.245081967213118901e+01
5.245315807442816691e+01
5.246631399317409716e+01
5.247222790856366004e+01
5.247554570259212170e+01
5.247855438117971261e+01
5.247764144512613882e+01
5.247948892674619259e+01
5.247598773841964714e+01
5.246574736125300831e+01
5.246708645336966725e+01
5.246134739707386530e+01
5.246013605442179539e+01
5.246195171710304805e+01
5.245618626784502680e+01
5.244913353720695426e+01
5.243678668478263916e+01
5.242502546689306087e+01
5.241673455532928472e+01
5.241085850016968806e+01
5.240071234735416539e+01
5.239165818921671303e+01
5.238881355932206674e+01
5.237716028464929963e+01
5.236829268292686379e+01
5.235875380968510484e+01
5.235115098171974068e+01
5.234395939086298455e+01
5.233098782138028326e+01
5.231819411565779632e+01
5.230578093306291976e+01
5.229300439337617945e+01
5.228016891891895312e+01
5.226649780479571206e+01
5.225597569209996607e+01
5.224137698278774877e+01
5.222712550607290893e+01
5.221338954468806293e+01
5.219726904922457322e+01
5.218277721604317776e+01
5.216681266846364196e+01
5.215109464466153355e+01
5.213750841750844245e+01
5.212271962302258288e+01
5.211002691790043428e+01
5.209303733602425268e+01
5.207582380632148045e+01
5.206433613445381070e+01
5.205131048387099213e+01
5.203574067853546836e+01
5.202081934184018763e+01
5.200627727425313651e+01
5.199402684563762023e+01
5.198279100972830946e+01
5.196961770623746446e+01
5.195568219912843233e+01
5.194644772117965914e+01
5.194623115577892492e+01
5.193647019423980993e+01
5.193213927017076514e+01
5.192854752342707059e+01
5.192184677149550964e+01
5.191795986622076242e+01
5.191892343697762158e+01
5.191941844919787741e+01
5.192088205813566049e+01
5.192715430861725423e+01
5.193205342237063604e+01
5.194549399198934481e+01
5.195915915915917793e+01
5.196034022681789821e+01
5.196768922974327154e+01
5.197766666666668556e+01
5.198100633122294312e+01
5.198577614923385681e+01
5.199137529137530578e+01
5.199527296937418441e+01
5.201337770382696846e+01
5.204188290086495527e+01
5.206232125041571379e+01
5.207616356382980882e+01
5.208261881023597795e+01
5.210408637873756987e+01
5.213101959481902270e+01
5.214179946879153249e+01
5.215439761035516142e+01
5.217455209024555529e+01
5.220318407960201768e+01
5.222748673740056091e+01
5.225048060987739262e+01
5.227455268389665122e+01
5.231358065584633721e+01
5.233947019867552797e+01
5.235845746441579251e+01
5.237402382528130573e+01
5.239202778696662222e+01
5.240922619047621822e+01
5.242350413223143590e+01
5.243281559814940351e+01
5.245298975883716253e+01
5.247123513870545253e+01
5.248580389567517557e+01
5.251270627062709906e+01
5.252236885516335008e+01
5.254013852242747618e+01
5.257250247279924338e+01
5.259653922214901201e+01
5.261429983525538745e+01
5.264051383399213790e+01
5.266075074086273844e+01
5.267876892692564894e+01
5.269381375452455529e+01
5.271618421052635739e+01
5.273857283788231598e+01
5.275026298487840393e+01
5.276565888925406256e+01
5.278656373193170026e+01
5.280522167487688279e+01
5.281989494418913722e+01
5.283390219888418216e+01
5.284307742782155515e+01
5.285188586421781309e+01
5.284963934426232868e+01
5.285234349393645203e+01
5.285468545216255620e+01
5.285525712414023047e+01
5.286329404060252557e+01
5.287325695581018437e+01
5.287974476439794103e+01
5.287837749427547607e+01
5.288250490516681879e+01
5.288721804511281732e+01
5.288513071895428652e+01
5.288003920287491155e+01
5.287772697583282167e+01
5.287649363369249045e+01
5.287206266318541026e+01
5.286835236541601546e+01
5.286519895629487564e+01
5.286462341049889346e+01
5.286072359843549862e+01
5.285252525252528955e+01
5.285094462540720173e+01
5.284789970693588401e+01
5.283652343750003411e+01
5.282951513179306602e+01
5.282182823682502004e+01
5.281261788617889863e+01
5.280331599479847426e+01
5.280003249918755870e+01
5.279564652371673361e+01
5.279152322182530810e+01
5.278620129870133582e+01
5.277617656605001883e+01
5.276187540558083100e+01
5.275060006487191799e+01
5.274682230869005650e+01
5.273468395461916458e+01
5.271918340894364974e+01
5.270553935860061756e+01
5.269825129533683139e+01
5.268841048883137290e+01
5.267585760517803095e+01
5.266276285991592232e+01
5.264990297542047415e+01
5.263753637245396533e+01
5.262391725921141017e+01
5.261382875605819009e+01
5.260122739018091664e+01
5.258966742008398398e+01
5.257614590058105364e+01
5.256063246208457684e+01
5.254477419354842027e+01
5.253160270880364635e+01
5.251856866537721658e+01
5.250476957782795040e+01
5.248978737113406368e+01
5.247365539452500371e+01
5.245705086928529681e+01
5.244071451560995456e+01
5.242709137709142198e+01
5.241128980379547642e+01
5.239511254019296871e+01
5.238126004500164612e+01
5.236535989717227579e+01
5.234956633472538812e+01
5.233384714193966403e+01
5.231730337078655424e+01
5.230067394094997013e+01
5.228424767404559503e+01
5.226840923669022487e+01
5.225296569413276870e+01
5.223647435897439095e+01
5.222015379686001069e+01
5.220387572069189019e+01
5.218738392571248852e+01
5.217093469910373926e+01
5.215516800000002462e+01
5.213941138835575373e+01
5.212376079309245114e+01
5.210709718670079837e+01
5.209181847235540630e+01
5.207670926517573662e+01
5.206138613861388365e+01
5.204821200510857437e+01
5.203581232045964811e+01
5.202520740268030153e+01
5.201352472089315881e+01
5.199948979591838594e+01
5.198568696206568518e+01
5.197345442957299610e+01
5.196202612296912093e+01
5.195171974522295244e+01
5.194320280165555204e+01
5.193415022278806248e+01
5.192449888641428402e+01
